1 1
7571 7
5079 1
1315 5
5499 7
4503 1
946 4
6540 6
2307 3
6657 1
5193 0
2171 9
770 6
4424 6
7325 3
6830 8
3358 7
7969 2
4454 5
9466 8
4139 6
2347 3
9152 3
6254 8
3358 2
9850 1
2701 5
5027 7
7818 9
9155 1
2971 8
298 0
3020 3
6122 4
8855 6
7193 9
550 4
3167 5
6372 7
8587 3
7188 3
8417 7
5739 2
3720 4
7726 2
9157 6
3677 4
4174 7
7744 1
3600 9
2157 5
4866 8
3308 5
7501 4
9253 2
3194 4
2241 5
6084 0
2516 2
4655 3
8612 6
1952 8
315 3
4537 8
5709 0
6320 1
8751 9
6905 5
1151 4
724 1
625 3
2386 1
381 5
1145 9
3761 7
7771 7
3147 3
8593 0
8952 9
8148 5
3716 6
2093 2
5611 5
7761 3
8888 1
2628 1
7099 7
3404 2
9196 1
7428 4
8751 5
8615 0
6968 7
1864 2
545 2
5820 7
9695 0
6787 4
7842 2
2259 5
7517 0
1624 0
9600 2
2434 1
5343 1
5096 2
4917 1
1974 5
2914 3
5199 2
74 2
943 2
3576 5
6725 2
5771 2
3050 2
8279 7
8625 8
1710 0
1977 5
5149 8
917 0
9331 8
4607 4
8438 9
6656 9
207 7
1594 1
5615 9
6055 9
8262 0
6353 8
8619 7
5826 1
9066 4
6737 5
3872 2
6071 9
3514 5
4803 0
773 7
9901 0
3057 0
1942 6
4383 7
5515 7
9470 6
421 1
6923 4
8219 4
3240 1
8551 7
142 8
4110 0
6744 0
1156 0
1934 6
5452 5
86 9
7652 4
8352 1
841 9
7556 4
3258 7
5212 0
9438 6
9126 4
8181 2
7201 6
1349 9
2711 4
5533 9
5251 9
2234 7
5239 6
3783 1
6775 2
5546 5
5123 9
9176 3
1385 8
2029 1
1686 5
111 3
988 0
6531 3
3397 8
7724 8
1555 2
8113 8
1181 1
6799 8
8909 9
2196 8
9993 2
4276 1
4610 6
84 3
2884 7
2993 3
4262 9
4882 2
505 3
9306 8
9781 4
8035 2
4077 1
6791 1
3188 7
2034 2
9883 9
9532 3
1475 4
269 4
6614 9
2324 2
5472 3
7313 1
6485 4
4840 5
388 4
1109 5
4233 1
8868 9
8432 4
6684 6
3492 9
2983 7
1997 8
1838 9
738 4
1224 6
8377 8
2235 8
7617 2
4545 6
5938 9
8886 1
950 6
6178 9
1283 2
2157 6
1647 8
3097 8
2270 8
1582 3
5584 0
9005 6
3505 3
672 7
4525 9
7514 1
8963 8
4513 4
606 2
5531 5
9757 9
2241 7
5513 1
5848 9
204 9
5674 1
1396 2
5740 0
1074 1
870 2
9435 2
2422 3
5636 6
6841 3
147 1
2920 2
7062 0
3563 5
793 2
1391 5
4678 6
407 7
6385 1
1007 0
6170 4
9374 0
6464 4
4716 7
7354 1
8846 2
8556 5
26 1
5935 0
4177 5
3586 5
6349 8
2302 3
1325 3
2264 3
8142 6
9677 9
4760 3
2182 8
5594 1
9046 2
6940 1
2265 4
1908 5
711 8
3703 3
3166 7
6021 1
9793 4
1626 8
2966 8
1653 4
2236 1
1392 8
3056 0
6066 8
9082 9
7331 7
2013 1
1447 5
290 7
9338 3
9989 4
1005 4
4667 1
9397 9
750 7
5290 6
3699 9
9501 5
6947 2
3903 4
2036 4
2666 1
2432 7
995 7
9239 5
2600 4
8973 6
5800 0
88 6
4471 5
9401 1
6819 6
9672 8
1099 0
4771 8
3144 1
4805 0
6942 5
5872 4
7577 2
1446 1
4783 2
5531 5
5299 7
2809 1
4840 0
8978 9
6053 6
7628 5
9570 7
5689 9
6738 9
3882 2
9651 6
2115 7
7609 8
992 0
1297 0
8544 3
5853 1
4877 5
1826 3
475 1
4633 5
7372 4
3139 5
8242 4
8110 8
5926 8
5851 9
4753 9
6928 3
7556 8
3976 9
3766 9
5635 8
6825 1
9999 5
3142 1
5156 8
6720 4
1952 5
3155 5
422 4
2534 3
9197 9
5788 0
8438 7
764 4
9953 6
1484 4
6821 8
4377 0
2306 3
9889 4
3285 8
4284 1
8660 5
4487 6
988 2
9134 2
2029 2
5555 1
8763 1
2318 4
19 8
642 8
5567 5
5717 2
9845 7
736 6
2709 1
8362 6
5081 1
5069 2
7540 3
6163 7
9673 9
7745 5
4803 7
6651 3
1256 3
6601 4
4727 5
9836 2
1126 4
991 4
7765 8
665 7
2541 9
9623 9
5348 8
7875 9
1697 5
7766 2
7561 4
596 3
4455 4
3607 6
4076 8
13 3
7019 9
5989 0
774 2
1533 2
5589 7
2694 7
1075 0
791 0
4516 2
3542 8
7383 0
3015 5
5901 1
7099 2
6073 1
5955 1
4369 3
4301 2
2029 8
9030 7
3074 2
6081 6
9566 1
9526 8
3508 0
1619 6
704 3
9561 2
2164 5
7908 7
4061 9
1274 7
2043 5
2438 1
1097 5
7162 4
6216 6
3065 7
8302 9
9632 3
6278 9
8489 9
1893 7
9129 7
7236 7
5830 1
5623 0
7187 7
6228 8
6026 2
1155 0
4248 9
9782 6
8863 0
793 9
4271 4
5070 2
630 4
3497 3
406 3
2792 8
6063 3
9888 5
5353 3
4009 7
6701 9
2974 2
5582 5
3851 4
5521 1
9150 8
3216 6
9207 0
5749 0
862 1
1895 1
4419 4
331 8
2483 3
5335 1
1640 4
8807 0
5899 2
8712 5
7372 4
1910 7
402 4
9327 3
7570 4
9102 9
6637 0
7661 4
3086 1
5847 3
2749 9
1315 7
8375 3
1311 4
7528 4
3552 8
6310 7
3266 4
4936 6
9532 4
1053 8
8775 6
8341 5
2829 6
3985 9
5176 4
1074 3
2695 7
3562 7
8808 3
7471 4
3206 9
74 5
8555 0
1257 8
6595 4
7035 7
4944 2
7191 5
3074 0
5003 3
9935 2
3265 1
1557 3
3920 3
7373 2
89 3
7380 1
1626 6
2176 1
8409 4
9068 9
7194 8
4869 2
1114 7
2056 8
7075 0
8702 6
3429 5
4088 6
6172 4
209 4
6687 1
4900 9
924 6
7611 2
2978 9
2653 4
5813 9
9039 3
6800 2
7654 2
5157 1
6709 5
8252 3
9257 9
8120 4
2824 1
8920 1
3021 3
8850 5
5140 8
5525 5
3798 7
2772 4
584 0
5103 9
5366 2
671 1
1556 3
5450 4
8958 4
8704 2
9626 2
4785 5
9033 4
6673 5
4106 0
7234 4
1647 1
6485 7
7819 5
9025 9
5371 9
9677 5
8360 3
6701 8
4386 9
9639 0
7321 3
2899 4
9387 1
5489 3
4088 9
7431 0
358 2
3172 9
8988 7
5224 1
1531 5
8852 3
1793 7
3076 6
1347 8
2916 8
2978 2
6361 2
2376 1
8687 1
6949 5
2271 2
8502 2
6399 7
4640 5
7643 3
9177 7
7245 0
4802 5
7996 0
4833 4
9528 2
4457 1
6594 8
4230 7
6171 7
3397 4
1903 2
7491 2
7314 0
9070 0
802 3
6233 5
7965 4
781 8
5004 4
8934 3
3024 1
1274 8
3519 7
1083 2
347 7
2226 7
5974 8
8751 7
4190 1
730 6
2926 6
9740 0
6737 4
9646 8
9627 2
9616 8
7367 7
174 7
919 2
8301 0
1533 4
1828 8
92 6
5989 1
2009 1
4867 6
7048 1
7778 5
8983 7
1607 2
2549 9
7597 8
5812 2
3758 6
6156 3
2759 2
517 2
5650 4
5056 9
4650 6
7958 5
535 9
1155 7
5255 3
591 9
2206 0
3110 8
5699 9
3538 1
1859 9
1471 2
3568 1
1363 8
2571 9
4275 6
3098 2
2123 9
1418 4
4527 2
2488 8
7842 9
6189 7
1080 9
8390 1
3283 3
9178 7
6062 1
7258 8
344 8
5137 3
2086 5
2927 2
7741 8
4390 4
32 8
6872 3
9986 0
6600 2
3141 2
6121 5
3453 1
4516 5
7186 5
2317 5
6823 6
3426 1
9754 7
1410 1
8275 7
646 7
4989 9
463 4
271 3
1538 3
7084 8
9500 5
9356 0
402 0
9869 0
5862 0
1411 7
5433 8
2900 7
5602 3
7293 5
5354 6
2926 5
7307 3
6520 3
9997 2
2849 1
1758 5
9538 2
3590 3
3134 1
5736 3
5328 7
9062 8
5980 1
8625 8
4347 6
5082 4
6595 6
5558 6
1936 0
5802 6
7394 3
2143 0
2632 9
9375 7
4593 2
1004 2
5741 6
1672 3
4412 3
5520 2
871 8
9620 0
96 3
7221 7
8621 9
8888 7
2886 0
6496 4
2055 7
4775 4
7092 2
1304 2
9226 4
8060 7
6566 1
8386 9
698 6
945 2
7887 5
7189 6
8090 4
8558 3
3480 0
7854 6
5132 3
3580 0
8662 2
5381 0
1908 2
6685 5
477 1
6319 1
154 5
1670 0
7553 7
7283 2
294 8
4697 7
421 7
4162 2
3376 1
6104 3
8152 9
1490 8
3575 1
1264 8
4386 9
6772 5
3481 0
5462 9
8520 2
1682 4
1411 4
8421 5
5586 6
6380 2
7889 8
3831 5
3474 9
8324 3
5124 0
6184 2
3588 9
4278 9
7642 6
5400 6
7932 4
9382 9
1738 6
8540 8
9183 3
2405 3
1286 4
417 2
2217 4
5439 6
5844 0
6737 9
6954 6
8538 4
3737 6
8130 0
2209 7
3775 4
1264 0
129 1
3287 1
1338 6
6914 6
5028 8
3261 0
2325 5
3977 7
4784 1
9650 5
6061 9
4863 1
5751 6
8786 2
3918 4
3953 4
8496 6
3137 0
8667 3
1282 5
2966 8
4924 0
6141 9
1335 9
7107 7
5547 1
8906 9
9012 6
5811 5
6888 8
9741 2
6998 3
7353 5
2458 9
1526 9
9927 9
5643 5
518 9
533 4
4507 6
2980 6
5767 6
6740 3
1070 9
5972 1
3991 8
4258 8
6591 8
453 6
2403 0
9075 6
7436 4
6736 8
9857 9
7294 0
8571 0
9359 1
7128 1
5249 3
8161 1
6279 4
6676 1
8370 4
6151 7
6285 8
2621 5
7883 6
2098 4
9257 2
7914 1
6126 5
4164 2
9997 9
7819 8
5354 3
3923 6
4093 7
3454 6
7681 2
6479 8
9515 7
9233 1
1697 2
6477 4
2552 1
3754 7
4111 7
5595 0
